0.186519
0.177971
0.258007
0.224127
0.200054
0.260883
0.19435
0.215714
0.196714
0.19129
0.191546
0.182443
0.181023
0.184304
0.183525
0.180954
0.190093
0.195102
0.191107
0.220247
0.182264
0.196109
0.186979
0.181286
0.180353
0.188244
0.189225
0.191953
0.180678
0.181164
0.189196
0.180959
0.182138
0.18216
0.180157
0.180621
0.196475
0.190578
0.184488
0.183653
0.183648
0.191862
0.238354
0.201088
0.202653
0.203475
0.203492
0.256839
0.188537
0.195124
0.204458
0.187941
0.183118
0.181856
0.184994
0.182752
0.184521
0.18703
0.181145
0.186305
0.182961
0.181744
0.180443
0.18116
0.182444
0.180581
0.185217
0.185467
0.181533
0.21902
0.181112
0.184055
0.181303
0.181414
0.183083
0.181494
0.181057
0.182755
0.187451
0.185738
0.186437
0.184331
0.186238
0.184339
0.185011
0.242288
0.190792
0.19867
0.190859
0.184822
0.190258
0.184421
0.188448
0.192011
0.191381
0.191385
0.182013
0.182627
0.181162
0.187731

0.172391
0.171581
0.19493
0.178344
0.182933
0.173352
0.169496
0.172559
0.172235
0.17302
0.175226
0.183799
0.187876
0.190894
0.183223
0.177803
0.180724
0.18291
0.181258
0.179989
0.170511
0.171402
0.188583
0.183847
0.175591
0.171685
0.181937
0.171538
0.182298
0.171666
0.171181
0.174363
0.17173
0.173886
0.188212
0.173401
0.170919
0.170921
0.173503
0.183596
0.188085
0.18231
0.183294
0.195114
0.188052
0.193202
0.171784
0.1739
0.173843
0.190432
0.194837
0.281299
0.181681
0.196894
0.17083
0.179751
0.182257
0.181499
0.185482
0.171878
0.201497
0.180699
0.185257
0.181355
0.183757
0.193938
0.189016
0.171305
0.191852
0.174638
0.176712
0.184036
0.185644
0.171016
0.173319
0.176443
0.173804
0.17102
0.189493
0.173722
0.173151
0.172138
0.170965
0.176886
0.172569
0.172218
0.171148
0.173853
0.172383
0.171716
0.172523
0.172965
0.170815
0.172464
0.170441
0.172923
0.172267
0.171153
0.171649
0.172763

0.0991578
0.120152
0.109668
0.0971448
0.105407
0.0976446
0.106215
0.122762
0.102472
0.107006
0.142218
0.0974385
0.115645
0.0976396
0.107598
0.0984719
0.113398
0.1148
0.112581
0.120479
0.100108
0.101241
0.106144
0.0987454
0.14485
0.114763
0.0999076
0.134317
0.119943
0.0992741
0.109336
0.103205
0.104501
0.106391
0.101929
0.101575
0.113987
0.0997555
0.109386
0.101446
0.0981059
0.117013
0.105137
0.104809
0.10725
0.0987031
0.10519
0.101811
0.113578
0.0971556
0.121394
0.0979858
0.109687
0.0995253
0.0979363
0.102145
0.0973192
0.0992222
0.0974462
0.0967478
0.107795
0.120533
0.100162
0.126196
0.119734
0.0985188
0.0964964
0.102505
0.106867
0.14749
0.110593
0.0991527
0.106054
0.109195
0.103508
0.101323
0.114791
0.110527
0.105574
0.117245
0.140225
0.102154
0.103716
0.100942
0.114848
0.0994461
0.104797
0.128794
0.132134
0.12664
0.100674
0.116636
0.14558
0.141516
0.119146
0.111121
0.109049
0.099174
0.106109
0.105999

0.0885634
0.0884886
0.126912
0.0917665
0.113479
0.111
0.106549
0.0915019
0.124222
0.0900211
0.0940898
0.114223
0.0929415
0.106813
0.092176
0.0894251
0.108961
0.0926878
0.157857
0.0908509
0.0877539
0.0980499
0.122852
0.133953
0.0948827
0.108111
0.107512
0.10788
0.124797
0.0932413
0.0872565
0.0881507
0.099669
0.112522
0.0929343
0.0881535
0.0920841
0.119584
0.111834
0.0920618
0.116301
0.110104
0.0912796
0.135858
0.0858867
0.110933
0.088942
0.102648
0.0895355
0.106152
0.100434
0.119466
0.0931794
0.133646
0.106395
0.0955088
0.0895859
0.106866
0.112233
0.0892445
0.0889111
0.0914521
0.095678
0.0943372
0.0867506
0.103033
0.0917561
0.0921107
0.0930165
0.0916601
0.113649
0.109866
0.0915125
0.11149
0.0977258
0.109338
0.114525
0.119979
0.113732
0.0862921
0.092333
0.0947203
0.115661
0.113499
0.115523
0.106931
0.0930345
0.113626
0.0879693
0.103441
0.153004
0.109066
0.148641
0.0938468
0.109171
0.088931
0.106483
0.0986391
0.113865
0.136279
